level,xpRequired,totalXP
0,16,0
1,25,16
2,36,41
3,49,77
4,64,126
5,81,190
6,100,271
7,121,371
8,144,492
9,169,636
10,196,805
11,225,1001
12,256,1226
13,289,1482
14,324,1771
15,361,2095
16,400,2456
17,441,2856
18,484,3297
19,529,3781
20,576,4310
21,625,4886
22,676,5511
23,729,6187
24,784,6916
25,1089,7700
30,1849,12515
40,2809,27420
50,10609,51025
100,369550,369550 